lip<-structure(list(name = structure(c(1, 33, 44, 55, 66, 77, 88, 
99, 110, 2, 13, 24, 26, 27, 28, 29, 30, 31, 32, 34, 35, 36, 37, 
38, 39, 40, 41, 42, 43, 45, 46, 47, 48, 49, 50, 51, 52, 53, 54, 
56, 57, 58, 59, 60, 61, 62, 63, 64, 65, 67, 68, 69, 70, 71, 72, 
73, 74, 75, 76, 78, 79, 80, 81, 82, 83, 84, 85, 86, 87, 89, 90, 
91, 92, 93, 94, 95, 96, 97, 98, 100, 101, 102, 103, 104, 105, 
106, 107, 108, 109, 111, 112, 113, 114, 115, 116, 117, 118, 119, 
120, 3, 4, 5, 6, 7, 8, 9, 10, 11, 12, 14, 15, 16, 17, 18, 19, 
20, 21, 22, 23, 25), .Label = c("ELip1", "ELip10", "ELip100", 
"ELip101", "ELip102", "ELip103", "ELip104", "ELip105", "ELip106", 
"ELip107", "ELip108", "ELip109", "ELip11", "ELip110", "ELip111", 
"ELip112", "ELip113", "ELip114", "ELip115", "ELip116", "ELip117", 
"ELip118", "ELip119", "ELip12", "ELip120", "ELip13", "ELip14", 
"ELip15", "ELip16", "ELip17", "ELip18", "ELip19", "ELip2", "ELip20", 
"ELip21", "ELip22", "ELip23", "ELip24", "ELip25", "ELip26", "ELip27", 
"ELip28", "ELip29", "ELip3", "ELip30", "ELip31", "ELip32", "ELip33", 
"ELip34", "ELip35", "ELip36", "ELip37", "ELip38", "ELip39", "ELip4", 
"ELip40", "ELip41", "ELip42", "ELip43", "ELip44", "ELip45", "ELip46", 
"ELip47", "ELip48", "ELip49", "ELip5", "ELip50", "ELip51", "ELip52", 
"ELip53", "ELip54", "ELip55", "ELip56", "ELip57", "ELip58", "ELip59", 
"ELip6", "ELip60", "ELip61", "ELip62", "ELip63", "ELip64", "ELip65", 
"ELip66", "ELip67", "ELip68", "ELip69", "ELip7", "ELip70", "ELip71", 
"ELip72", "ELip73", "ELip74", "ELip75", "ELip76", "ELip77", "ELip78", 
"ELip79", "ELip8", "ELip80", "ELip81", "ELip82", "ELip83", "ELip84", 
"ELip85", "ELip86", "ELip87", "ELip88", "ELip89", "ELip9", "ELip90", 
"ELip91", "ELip92", "ELip93", "ELip94", "ELip95", "ELip96", "ELip97", 
"ELip98", "ELip99"), class = "factor"), Tem = c(20, 20, 20, 20, 
20, 20, 20, 20, 20, 20, 20, 20, 20, 20, 20, 20, 20, 20, 20, 20, 
15, 15, 15, 15, 15, 15, 15, 15, 15, 15, 15, 15, 15, 15, 15, 15, 
15, 15, 15, 15, 10, 10, 10, 10, 10, 10, 10, 10, 10, 10, 10, 10, 
10, 10, 10, 10, 10, 10, 10, 10, 6, 6, 6, 6, 6, 6, 6, 6, 6, 6, 
6, 6, 6, 6, 6, 6, 6, 6, 6, 6, 4, 4, 4, 4, 4, 4, 4, 4, 4, 4, 4, 
4, 4, 4, 4, 4, 4, 4, 4, 4, 2, 2, 2, 2, 2, 2, 2, 2, 2, 2, 2, 2, 
2, 2, 2, 2, 2, 2, 2, 2), pH = c(7.5, 7.5, 7.5, 7.5, 7.5, 6.5, 
6.5, 6.5, 6.5, 6.5, 5.5, 5.5, 5.5, 5.5, 5.5, 4.5, 4.5, 4.5, 4.5, 
4.5, 7.5, 7.5, 7.5, 7.5, 7.5, 6.5, 6.5, 6.5, 6.5, 6.5, 5.5, 5.5, 
5.5, 5.5, 5.5, 4.5, 4.5, 4.5, 4.5, 4.5, 7.5, 7.5, 7.5, 7.5, 7.5, 
6.5, 6.5, 6.5, 6.5, 6.5, 5.5, 5.5, 5.5, 5.5, 5.5, 4.5, 4.5, 4.5, 
4.5, 4.5, 7.5, 7.5, 7.5, 7.5, 7.5, 6.5, 6.5, 6.5, 6.5, 6.5, 5.5, 
5.5, 5.5, 5.5, 5.5, 4.5, 4.5, 4.5, 4.5, 4.5, 7.5, 7.5, 7.5, 7.5, 
7.5, 6.5, 6.5, 6.5, 6.5, 6.5, 5.5, 5.5, 5.5, 5.5, 5.5, 4.5, 4.5, 
4.5, 4.5, 4.5, 7.5, 7.5, 7.5, 7.5, 7.5, 6.5, 6.5, 6.5, 6.5, 6.5, 
5.5, 5.5, 5.5, 5.5, 5.5, 4.5, 4.5, 4.5, 4.5, 4.5), aw = c(0.995, 
0.98, 0.97, 0.96, 0.95, 0.995, 0.98, 0.97, 0.96, 0.95, 0.995, 
0.98, 0.97, 0.96, 0.95, 0.995, 0.98, 0.97, 0.96, 0.95, 0.995, 
0.98, 0.97, 0.96, 0.95, 0.995, 0.98, 0.97, 0.96, 0.95, 0.995, 
0.98, 0.97, 0.96, 0.95, 0.995, 0.98, 0.97, 0.96, 0.95, 0.995, 
0.98, 0.97, 0.96, 0.95, 0.995, 0.98, 0.97, 0.96, 0.95, 0.995, 
0.98, 0.97, 0.96, 0.95, 0.995, 0.98, 0.97, 0.96, 0.95, 0.995, 
0.98, 0.97, 0.96, 0.95, 0.995, 0.98, 0.97, 0.96, 0.95, 0.995, 
0.98, 0.97, 0.96, 0.95, 0.995, 0.98, 0.97, 0.96, 0.95, 0.995, 
0.98, 0.97, 0.96, 0.95, 0.995, 0.98, 0.97, 0.96, 0.95, 0.995, 
0.98, 0.97, 0.96, 0.95, 0.995, 0.98, 0.97, 0.96, 0.95, 0.995, 
0.98, 0.97, 0.96, 0.95, 0.995, 0.98, 0.97, 0.96, 0.95, 0.995, 
0.98, 0.97, 0.96, 0.95, 0.995, 0.98, 0.97, 0.96, 0.95), X0.d = c(0, 
0, 0, 0, 0, 0, 0, 0, 0, 0, 0, 0, 0, 0, 0, 0, 0, 0, 0, 0, 0, 0, 
0, 0, 0, 0, 0, 0, 0, 0, 0, 0, 0, 0, 0, 0, 0, 0, 0, 0, 0, 0, 0, 
0, 0, 0, 0, 0, 0, 0, 0, 0, 0, 0, 0, 0, 0, 0, 0, 0, 0, 0, 0, 0, 
0, 0, 0, 0, 0, 0, 0, 0, 0, 0, 0, 0, 0, 0, 0, 0, 0, 0, 0, 0, 0, 
0, 0, 0, 0, 0, 0, 0, 0, 0, 0, 0, 0, 0, 0, 0, 0, 0, 0, 0, 0, 0, 
0, 0, 0, 0, 0, 0, 0, 0, 0, 0, 0, 0, 0, 0), X1.d = c(39, 21, 20, 
10, 0, 30, 13, 12, 10, 0, 21, 0, 10, 0, 0, 7, 6, 0, 0, 0, 27, 
8, 0, 0, 0, 19, 0, 0, 0, 0, 9, 16, 0, 0, 0, 0, 0, 0, 0, 0, 25, 
0, 0, 0, 0, 15, 0, 0, 0, 0, 0, 0, 0, 0, 0, 0, 0, 0, 0, 0, 10, 
0, 0, 0, 0, 0, 0, 0, 0, 0, 0, 0, 0, 0, 0, 0, 0, 0, 0, 0, 0, 0, 
0, 0, 0, 0, 0, 0, 0, 0, 0, 0, 0, 0, 0, 0, 0, 0, 0, 0, 0, 0, 0, 
0, 0, 0, 0, 0, 0, 0, 0, 0, 0, 0, 0, 0, 0, 0, 0, 0), X2.d = c(39, 
30, 29, 11, 0, 20, 20, 29, 16, 0, 17, 15, 20, 0, 0, 15, 10, 0, 
0, 0, 35, 10, 10, 0, 0, 22, 10, 10, 0, 0, 8, 8, 0, 0, 0, 0, 0, 
0, 0, 0, 35, 0, 0, 0, 0, 20, 0, 0, 0, 0, 0, 0, 0, 0, 0, 0, 0, 
0, 0, 0, 20, 0, 0, 0, 0, 0, 0, 0, 0, 0, 0, 0, 0, 0, 0, 0, 0, 
0, 0, 0, 10, 0, 0, 0, 0, 0, 0, 0, 0, 0, 0, 0, 0, 0, 0, 0, 0, 
0, 0, 0, 0, 0, 0, 0, 0, 0, 0, 0, 0, 0, 0, 0, 0, 0, 0, 0, 0, 0, 
0, 0), X4.d = c(39, 35, 8, 24, 0, 13, 28, 23, 15, 8, 16, 23, 
12, 12, 0, 19, 13, 0, 0, 0, 41, 17, 22, 0, 0, 32, 16, 17, 0, 
0, 9, 6, 5, 0, 0, 6, 8, 0, 0, 0, 41, 0, 0, 0, 0, 28, 0, 0, 0, 
0, 7, 0, 0, 0, 0, 0, 0, 0, 0, 0, 25, 0, 0, 0, 0, 0, 0, 0, 0, 
0, 0, 0, 0, 0, 0, 0, 0, 0, 0, 0, 20, 0, 0, 0, 0, 0, 0, 0, 0, 
0, 0, 0, 0, 0, 0, 0, 0, 0, 0, 0, 10, 0, 0, 0, 0, 0, 0, 0, 0, 
0, 0, 0, 0, 0, 0, 0, 0, 0, 0, 0), X11.d = c(39, 30, 24, 17, 0, 
22, 31, 17, 29, 0, 20, 12, 19, 7, 0, 12, 16, 0, 0, 0, 37, 11, 
21, 10, 0, 16, 9, 10, 11, 0, 6, 14, 0, 0, 0, 12, 0, 0, 0, 0, 
44, 8, 17, 0, 0, 34, 6, 12, 0, 0, 8, 0, 0, 0, 0, 5, 0, 0, 0, 
0, 36, 5, 0, 0, 0, 14, 0, 8, 0, 0, 11, 0, 0, 0, 0, 0, 0, 0, 0, 
0, 45, 0, 0, 0, 0, 12, 0, 0, 0, 0, 0, 0, 0, 0, 0, 0, 0, 0, 0, 
0, 20, 0, 0, 0, 0, 10, 0, 0, 0, 0, 0, 0, 0, 0, 0, 0, 0, 0, 0, 
0), X18d. = c(46, 29, 28, 24, 11, 32, 26, 28, 27, 8, 23, 23, 
26, 9, 0, 10, 20, 0, 0, 0, 44, 15, 7, 11, 0, 27, 18, 6, 13, 0, 
13, 16, 0, 0, 0, 11, 7, 0, 0, 0, 41, 0, 0, 0, 0, 22, 0, 0, 0, 
0, 0, 0, 0, 0, 0, 0, 0, 0, 0, 0, 34, 0, 0, 0, 0, 11, 0, 0, 0, 
0, 0, 0, 0, 0, 0, 0, 0, 0, 0, 0, 45, 0, 0, 0, 0, 8, 0, 0, 0, 
0, 0, 0, 0, 0, 0, 0, 0, 0, 0, 0, 35, 0, 0, 0, 0, 12, 0, 0, 0, 
0, 0, 0, 0, 0, 0, 0, 0, 0, 0, 0), X25.d = c(57, 24, 26, 32, 14, 
45, 31, 34, 34, 13, 40, 32, 34, 7, 0, 24, 30, 11, 0, 0, 54, 16, 
0, 20, 8, 39, 18, 15, 13, 6, 24, 13, 0, 0, 0, 30, 14, 0, 0, 0, 
57, 0, 0, 0, 0, 37, 0, 0, 0, 0, 0, 0, 0, 0, 0, 0, 0, 0, 0, 0, 
46, 0, 0, 0, 0, 27, 0, 0, 0, 0, 0, 0, 0, 0, 0, 0, 0, 0, 0, 0, 
56, 0, 0, 0, 0, 16, 0, 0, 0, 0, 0, 0, 0, 0, 0, 0, 0, 0, 0, 0, 
40, 0, 0, 0, 0, 20, 0, 0, 0, 0, 0, 0, 0, 0, 0, 0, 0, 0, 0, 0), 
    X32.d = c(48, 32, 28, 31, 10, 37, 26, 39, 36, 13, 31, 26, 
    42, 0, 0, 20, 27, 23, 0, 0, 55, 23, 11, 14, 0, 35, 23, 14, 
    6, 0, 23, 20, 0, 0, 0, 25, 31, 0, 0, 0, 59, 11, 0, 0, 0, 
    41, 0, 0, 0, 0, 9, 0, 0, 0, 0, 0, 0, 0, 0, 0, 56, 0, 0, 0, 
    0, 34, 0, 0, 0, 0, 6, 0, 0, 0, 0, 0, 0, 0, 0, 0, 67, 0, 0, 
    0, 0, 32, 0, 0, 0, 0, 6, 0, 0, 0, 0, 0, 0, 0, 0, 0, 52, 0, 
    0, 0, 0, 25, 0, 0, 0, 0, 0, 0, 0, 0, 0, 0, 0, 0, 0, 0), X39.d = c(45, 
    48, 29, 24, 13, 35, 31, 42, 31, 17, 30, 37, 45, 0, 0, 23, 
    50, 26, 0, 0, 63, 20, 14, 19, 0, 40, 18, 22, 0, 0, 23, 15, 
    0, 0, 0, 52, 20, 18, 0, 0, 74, 0, 0, 0, 0, 50, 0, 0, 0, 0, 
    12, 0, 0, 0, 0, 0, 0, 0, 0, 0, 57, 0, 0, 0, 0, 37, 0, 0, 
    0, 0, 0, 0, 0, 0, 0, 0, 0, 0, 0, 0, 63, 0, 0, 0, 0, 32, 0, 
    0, 0, 0, 0, 0, 0, 0, 0, 0, 0, 0, 0, 0, 61, 0, 0, 0, 0, 25, 
    0, 0, 0, 0, 0, 0, 0, 0, 0, 0, 0, 0, 0, 0),