aep<-structure(list(los = c(15, 42, 8, 9, 7, 10, 8, 8, 21, 8, 8,
5, 33, 9, 1, 14, 9, 10, 8, 10, 25, 9, 45, 4, 47, 3, 9, 2, 4, 2,
11, 35, 54, 39, 1, 22, 38, 12, 15, 17, 22, 2, 2, 1, 1, 1, 1, 1, 1,
1, 1, 1, 3, 8, 3, 3, 2, 2, 6, 6, 8, 16, 14, 10, 11, 13, 7, 12, 9,
15, 23, 17, 1, 17, 22, 8, 2, 41, 12, 9, 1, 12, 11, 15, 26, 10, 10,
21, 20, 17, 15, 10, 18, 7, 4, 1, 19, 19, 8, 15, 6, 4, 15, 6, 1, 7,
21, 15, 4, 26, 4, 8, 16, 1, 1, 1, 1, 1, 7, 3, 1, 2, 3, 2, 63, 1,
55, 2, 2, 3, 10, 3, 2, 3, 4, 5, 2, 7, 2, 3, 4, 5, 6, 2, 2, 3, 3,
32, 7, 9, 1, 6, 1, 11, 11, 10, 36, 28, 21, 33, 13, 18, 20, 25, 33,
20, 27, 16, 7, 1, 15, 33, 10, 13, 21, 3, 17, 29, 17, 8, 10, 25,
18, 14, 20, 8, 1, 10, 9, 23, 30, 41, 3, 12, 27, 13, 14, 13, 8, 12,
6, 7, 8, 9, 26, 8, 16, 12, 31, 7, 7, 33, 12, 12, 10, 6, 12, 12, 2,
8, 10, 17, 11, 7, 9, 21, 9, 8, 10, 6, 12, 7, 9, 5, 14, 8, 3, 11,
13, 17, 9, 17, 16, 11, 15, 10, 8, 7, 14, 2, 11, 24, 16, 7, 17, 11,
12, 43, 21, 15, 9, 13, 6, 13, 5, 12, 9, 7, 14, 7, 8, 5, 20, 16, 6,
7, 3, 9, 9, 5, 6, 5, 9, 3, 15, 7, 8, 6, 13, 7, 11, 7, 6, 11, 7, 8,
10, 10, 8, 6, 10, 6, 14, 6, 5, 6, 8, 7, 1, 3, 9, 6, 12, 7, 8, 8,
11, 9, 8, 7, 22, 3, 9, 7, 9, 9, 2, 22, 6, 11, 5, 22, 14, 25, 23,
14, 26, 23, 21, 8, 22, 14, 51, 22, 7, 14, 38, 10, 23, 21, 10, 9,
2, 3, 3, 1, 6, 2, 3, 6, 9, 36, 6, 12, 16, 6, 10, 5, 45, 31, 18, 9,
5, 1, 9, 26, 4, 3, 5, 13, 7, 11, 16, 7, 15, 8, 16, 41, 4, 10, 8,
12, 7, 17, 17, 14, 15, 9, 19, 14, 20, 12, 17, 5, 14, 10, 22, 4,
17, 7, 27, 12, 7, 1, 8, 6, 14, 7, 10, 7, 13, 12, 9, 5, 21, 11, 35,
16, 8, 16, 7, 8, 16, 13, 6, 8, 13, 14, 39, 7, 10, 19, 11, 8, 5, 5,
7, 8, 7, 41, 3, 6, 2, 8, 15, 10, 5, 7, 7, 4, 10, 7, 46, 4, 4, 23,
13, 27, 42, 13, 6, 21, 40, 27, 21, 107, 6, 28, 46, 11, 11, 15, 32,
30, 49, 32, 18, 1, 7, 14, 4, 3, 4, 3, 4, 5, 19, 14, 4, 7, 2, 12,
3, 2, 5, 5, 7, 4, 6, 6, 13, 14, 4, 4, 6, 6, 7, 4, 6, 6, 4, 6, 7,
3, 4, 24, 14, 11, 4, 5, 11, 4, 13, 4, 42, 13, 7, 7, 23, 12, 12,
14, 11, 36, 12, 13, 6, 3, 30, 6, 10, 6, 9, 25, 8, 4, 1, 4, 4, 5,
7, 14, 12, 4, 36, 7, 7, 7, 12, 60, 15, 5, 23, 44, 6, 8, 11, 7, 4,
2, 2, 7, 4, 6, 6, 6, 4, 5, 4, 3, 2, 2, 17, 21, 20, 12, 7, 13, 7,
43, 16, 9, 15, 7, 9, 8, 7, 10, 7, 4, 10, 8, 10, 16, 2, 1, 2, 2, 1,
23, 10, 5, 4, 15, 15, 7, 17, 5, 14, 21, 14, 2, 22, 15, 14, 6, 9,
22, 9, 9, 1, 2, 17, 3, 6, 9, 7, 12, 4, 10, 7, 7, 33, 8, 2, 17, 8,
1, 2, 22, 25, 29, 13, 23, 49, 18, 12, 24, 19, 13, 18, 26, 59, 12,
15, 13, 13, 29, 33, 36, 17, 12, 23, 19, 20, 41, 25, 13, 8, 13, 24,
20, 15, 37, 11, 14, 7, 14, 15, 15, 16, 22, 20, 8, 9, 11, 9, 12,
22, 21, 10, 11, 6, 6, 4, 12, 14, 12, 22, 8, 12, 2, 6, 72, 8, 49,
50, 12, 7, 9, 5, 10, 3, 2, 4, 5, 35, 2, 1, 14, 7, 7, 5, 3, 4, 61,
1, 1, 8, 2, 5, 2, 47, 9, 7, 8, 4, 2, 7, 8, 2, 16, 42, 20, 2, 5, 4,
5, 2, 2, 3, 1, 2, 5, 1, 1, 1, 3, 1, 1, 1, 8, 5, 4, 2, 4, 6, 1, 7,
9, 7, 3, 5, 3, 22, 3, 3, 3, 13, 3, 3, 2, 7, 13, 28, 3, 4, 25, 4,
6, 47, 7, 19, 19, 13, 13, 8, 8, 5, 9, 16, 9, 7, 1, 30, 3, 4, 6,
11, 4, 6, 8, 7, 8, 19, 7, 2, 10, 11, 5, 6, 19, 12, 1, 13, 3, 15,
7, 3, 8, 5, 3, 23, 85, 23, 11, 8, 10, 13, 1, 8, 4, 10, 15, 9, 7,
7, 2, 2, 2, 2, 3, 24, 2, 3, 3, 6, 3, 7, 7, 4, 7, 2, 4, 7, 2, 19,
10, 2, 11, 11, 4, 6, 6, 4, 4, 2, 3, 21, 2, 6, 16, 11, 3, 8, 6, 6,
5, 28, 27, 11, 24, 22, 11, 2, 4, 6, 53, 26, 17, 9, 54, 6, 5, 7, 7,
6, 5, 5, 7, 25, 24, 15, 2, 17, 3, 5, 17, 13, 9, 14, 32, 4, 3, 4,
3, 7, 5, 8, 12, 9, 29, 8, 9, 8, 5, 5, 11, 6, 6, 4, 6, 9, 5, 4, 4,
1, 1, 1, 1, 1, 1, 7, 32, 21, 9, 34, 3, 1, 1, 1, 1, 1, 1, 1, 1, 1,
23, 23, 8, 9, 9, 22, 9, 21, 15, 9, 21, 6, 2, 9, 9, 8, 8, 2, 3, 3,
2, 3, 67, 5, 3, 3, 2, 2, 2, 2, 2, 2, 2, 2, 2, 2, 1, 2, 1, 2, 2, 2,
2, 2, 2, 2, 2, 2, 2, 2, 2, 2, 2, 2, 2, 2, 2, 1, 2, 2, 1, 3, 2, 1,
2, 12, 2, 1, 9, 1, 2, 1, 1, 5, 17, 3, 27, 1, 7, 3, 9, 2, 17, 3, 2,
2, 13, 7, 10, 8, 8, 5, 9, 4, 7, 8, 8, 3, 2, 5, 2, 4, 2, 4, 3, 2,
2, 4, 2, 2, 3, 2, 1, 2, 3, 1, 10, 2, 2, 3, 2, 3, 2, 2, 1, 2, 5, 2,
2, 2, 2, 5, 9, 2, 14, 31, 37, 37, 22, 11, 7, 28, 21, 65, 32, 18,
18, 89, 38, 2, 12, 29, 35, 23, 10, 7, 4, 2, 26, 3, 1, 8, 6, 6, 8,
18, 7, 18, 19, 19, 7, 5, 43, 5, 7, 6, 6, 17, 7, 51, 6, 4, 4, 1,
10, 12, 43, 12, 81, 6, 22, 11, 46, 8, 6, 6, 9, 1, 2, 26, 8, 7, 10,
2, 2, 1, 11, 22, 5, 3, 1, 1, 2, 1, 4, 2, 3, 2, 4, 2, 1, 6, 2, 1,
7, 15, 20, 2, 5, 1, 5, 2, 2, 1, 2, 2, 2, 2, 3, 2, 19, 2, 6, 2, 3,
7, 9, 2, 16, 2, 11, 2, 10, 10, 6, 2, 4, 3, 2, 2, 2, 2, 4, 3, 1, 2,
1, 2, 1, 2, 2, 2, 12, 26, 9, 4, 5, 13, 2, 12, 4, 27, 2, 1, 9, 1,
2, 5, 2, 7, 2, 6, 1, 2, 4, 9, 2, 2, 3, 1, 2, 2, 7, 4, 2, 3, 5, 2,
1, 14, 1, 1, 1, 1, 19, 2, 14, 2, 2, 1, 2, 7, 2, 21, 40, 2, 14, 2,
47, 2, 2, 7, 13, 2, 36, 3, 1, 6, 2, 83, 9, 27, 26, 25, 8, 9, 3, 1,
7, 4, 2, 19, 10, 32, 18, 8, 5, 3, 1, 9, 1, 14, 2, 4, 2, 4, 4, 15,
20, 7, 39, 1, 15, 14, 2, 9, 9, 11, 19, 1, 18, 11, 1, 3, 6, 10, 4,
1, 5, 6, 17, 11, 18, 23, 3, 2),