hodges <- structure(list(state = structure(c(1, 1, 1, 1, 1, 1, 1, 2, 2, 
2, 2, 2, 2, 3, 3, 3, 3, 3, 3, 3, 3, 3, 3, 3, 3, 3, 3, 3, 3, 3, 
3, 3, 3, 3, 3, 3, 3, 3, 3, 3, 3, 4, 4, 4, 4, 4, 4, 4, 5, 5, 5, 
5, 6, 6, 6, 6, 6, 6, 7, 7, 7, 8, 8, 8, 8, 8, 8, 8, 8, 8, 8, 8, 
8, 8, 8, 8, 8, 8, 8, 8, 8, 8, 8, 8, 8, 8, 9, 9, 9, 9, 10, 10, 
10, 10, 11, 11, 11, 11, 11, 12, 12, 13, 14, 14, 14, 14, 14, 14, 
14, 14, 14, 14, 14, 14, 14, 14, 14, 14, 15, 15, 15, 15, 15, 15, 
16, 16, 17, 17, 17, 17, 18, 18, 18, 18, 18, 18, 18, 19, 19, 19, 
19, 19, 19, 19, 19, 20, 20, 20, 20, 20, 20, 20, 20, 20, 20, 20, 
20, 20, 21, 21, 22, 22, 22, 22, 22, 22, 22, 22, 22, 22, 22, 22, 
22, 22, 22, 22, 22, 22, 23, 23, 23, 23, 24, 24, 24, 24, 24, 24, 
24, 24, 25, 25, 25, 25, 26, 27, 27, 28, 29, 29, 29, 29, 29, 29, 
30, 30, 30, 31, 31, 32, 32, 32, 32, 32, 32, 32, 32, 32, 32, 32, 
32, 32, 32, 32, 32, 32, 32, 32, 32, 32, 32, 32, 32, 32, 32, 32, 
32, 32, 32, 32, 33, 33, 33, 33, 33, 33, 33, 33, 33, 33, 33, 33, 
33, 33, 33, 33, 34, 34, 34, 34, 34, 34, 34, 35, 35, 35, 35, 35, 
36, 36, 36, 36, 36, 36, 36, 36, 36, 36, 36, 36, 36, 36, 36, 36, 
36, 36, 37, 38, 38, 39, 39, 39, 40, 40, 40, 40, 41, 41, 41, 41, 
41, 41, 41, 41, 41, 41, 41, 41, 41, 41, 42, 42, 43, 43, 43, 43, 
43, 43, 43, 43, 43, 43, 44, 44, 44, 44, 44, 44, 44, 45, 45, 45, 
45, 45, 45, 45, 45, 45, 45, 45, 45), .Label = c("AL", "AZ", "CA", 
"CO", "CT", "DC", "DE", "FL", "GA", "GU", "HI", "IA", "ID", "IL", 
"IN", "KS", "KY", "LA", "MA", "MD", "ME", "MI", "MN", "MO", "NC", 
"ND", "NE", "NH", "NJ", "NM", "NV", "NY", "OH", "OK", "OR", "PA", 
"PR", "RI", "SC", "TN", "TX", "UT", "VA", "WA", "WI"), class = "factor"), 
    plan = structure(c(39, 77, 216, 218, 221, 223, 237, 4, 37, 
    38, 44, 84, 287, 19, 20, 21, 25, 46, 47, 50, 53, 54, 56, 
    57, 59, 61, 62, 63, 68, 69, 70, 144, 183, 184, 194, 201, 
    215, 250, 253, 276, 277, 24, 35, 73, 73, 76, 181, 204, 30, 
    79, 80, 134, 12, 12, 85, 87, 87, 139, 202, 217, 278, 52, 
    72, 74, 89, 90, 92, 94, 97, 98, 99, 100, 110, 112, 114, 115, 
    129, 136, 140, 148, 156, 157, 171, 228, 229, 233, 64, 103, 
    104, 107, 10, 158, 325, 325, 22, 22, 34, 106, 108, 17, 131, 
    128, 5, 31, 32, 40, 101, 111, 113, 116, 117, 118, 124, 130, 
    159, 186, 187, 188, 119, 126, 127, 135, 149, 196, 138, 143, 
    6, 71, 83, 145, 153, 191, 214, 257, 264, 268, 270, 27, 78, 
    150, 164, 165, 167, 179, 212, 26, 48, 82, 88, 154, 160, 161, 
    161, 162, 163, 166, 166, 185, 66, 206, 14, 45, 49, 96, 109, 
    120, 168, 169, 170, 172, 173, 176, 177, 180, 189, 190, 208, 
    255, 1, 15, 15, 81, 2, 137, 193, 200, 203, 203, 209, 256, 
    239, 240, 246, 258, 262, 132, 213, 222, 86, 123, 226, 226, 
    227, 230, 225, 236, 238, 219, 288, 3, 13, 33, 42, 51, 58, 
    91, 105, 121, 122, 133, 142, 147, 151, 152, 155, 195, 199, 
    205, 231, 235, 241, 242, 243, 244, 245, 265, 266, 269, 274, 
    275, 23, 43, 102, 182, 197, 198, 224, 234, 247, 248, 249, 
    251, 252, 254, 279, 293, 207, 210, 232, 259, 260, 261, 263, 
    18, 18, 41, 272, 281, 7, 8, 9, 55, 65, 93, 95, 141, 174, 
    175, 175, 211, 220, 267, 282, 283, 283, 284, 36, 29, 75, 
    192, 273, 286, 146, 280, 294, 295, 60, 125, 271, 285, 290, 
    291, 292, 296, 297, 298, 299, 300, 301, 303, 178, 302, 304, 
    305, 306, 307, 308, 308, 311, 312, 323, 324, 16, 16, 289, 
    309, 310, 310, 314, 11, 28, 67, 313, 315, 316, 317, 318, 
    319, 320, 321, 322), .Label = c("11", "12", "15", "16", "17", 
    "18", "24", "26", "27", "28", "29", "50", "51", "52", "53", 
    "54", "56", "57", "59", "61", "62", "63", "64", "65", "66", 
    "67", "68", "69", "70", "71", "75", "76", "80", "87", "88", 
    "89", "A3", "A7", "AA", "AC", "AF", "AH", "AY", "B1", "BA", 
    "BE", "BG", "BL", "BQ", "BU", "C1", "C2", "C4", "C6", "C8", 
    "CC", "CD", "CE", "CF", "CK", "CL", "CM", "CQ", "CR", "CT", 
    "CU", "CV", "CW", "CX", "CY", "D2", "D5", "D6", "D7", "DA", 
    "DD", "DF", "DJ", "DM", "DP", "DR", "DS", "DU", "DY", "E3", 
    "E4", "E5", "E7", "E8", "EA", "EB", "EC", "ED", "EE", "EF", 
    "EG", "EH", "EJ", "EM", "EN", "EU", "EV", "EZ", "F3", "F4", 
    "F6", "F8", "F9", "FE", "FH", "FJ", "FN", "FP", "FQ", "FR", 
    "FV", "FX", "FY", "G2", "G7", "GA", "GC", "GD", "GE", "GF", 
    "GH", "GK", "GM", "GP", "GQ", "GS", "GU", "GV", "H1", "H3", 
    "H5", "H8", "HA", "HD", "HE", "HG", "HK", "HM", "HN", "HR", 
    "HT", "HU", "HW", "IN", "J1", "J6", "J7", "JA", "JB", "JC", 
    "JF", "JH", "JK", "JL", "JM", "JN", "JP", "JQ", "JU", "JV", 
    "JW", "K1", "K3", "K5", "K6", "K7", "KA", "KF", "KJ", "KL", 
    "KN", "KR", "KU", "KW", "KZ", "L2", "L4", "LB", "LC", "LD", 
    "LF", "LG", "LH", "LN", "LX", "LY", "M3", "M4", "M5", "M9", 
    "MC", "MD", "MG", "MK", "MM", "MN", "MR", "MS", "MT", "MX", 
    "MY", "N1", "N2", "N3", "N5", "N9", "NE", "NF", "NG", "NI", 
    "NJ", "NK", "NL", "NM", "NQ", "NS", "NX", "NY", "OH", "P2", 
    "P3", "P4", "P5", "P7", "P9", "PD", "PE", "PJ", "PL", "PW", 
    "PX", "PY", "Q1", "Q4", "Q5", "Q8", "QA", "QB", "QE", "QH", 
    "QT", "R4", "R5", "R8", "RC", "RD", "RF", "RG", "RH", "RL", 
    "RN", "RP", "RQ", "RR", "RS", "RT", "RU", "RX", "RY", "S1", 
    "S2", "S4", "S6", "S7", "S8", "SC", "SD", "SE", "SG", "SH", 
    "SJ", "SK", "SP", "SQ", "SR", "SS", "ST", "SU", "SW", "T5", 
    "TA", "TD", "TL", "TM", "TS", "TW", "TX", "U4", "UA", "UB", 
    "UF", "UK", "UM", "UN", "UP", "UR", "UT", "V2", "V5", "V6", 
    "V7", "V8", "V9", "VR", "VT", "W2", "W3", "W4", "WB", "WC", 
    "WD", "WG", "WH", "WJ", "WK", "WT", "X1", "X8", "X9", "ZA"
    ), class = "factor"),