rent<-structure(list(R = c(693.3, 422, 736.6, 732.2, 1295.1, 1195.9, 
395, 1285.6, 1175.4, 860, 709.6, 852.7, 657.4, 1310.2, 1237.8, 
1212, 1511.2, 662.2, 527.5, 615.1, 852.3, 812.8, 798.3, 517.2, 
593.1, 2869.9, 1623.6, 837.8, 750.2, 875.1, 809.7, 765.4, 1165.6, 
422.8, 490.7, 813.3, 480.3, 1454.1, 537, 759.2, 700, 1127.8, 
1090.4, 670.9, 349.9, 380, 1174.6, 673.8, 566.4, 334.3, 267.8, 
783.7, 240.4, 1030, 452.7, 900, 925.4, 695.2, 928.7, 1204.4, 
1004.5, 1300.2, 785, 526.4, 820, 688.3, 1689.7, 554.6, 664.1, 
765.7, 736, 614.4, 779.8, 721.2, 239.3, 489.7, 421.6, 799.6, 
566.2, 421.3, 1078, 477.3, 1092.4, 449.9, 982, 679.5, 583.4, 
485.1, 1203.6, 720.2, 705.8, 610.1, 761.7, 1030, 774, 1220, 776.6, 
1720.8, 970, 800, 658.4, 955.8, 1164.2, 765, 337.7, 375.7, 347.9, 
443.4, 366.5, 1348.5, 852.5, 569.5, 681.5, 1063, 767.3, 666.5, 
679.8, 752, 799.8, 681.3, 564.5, 1014.6, 808.8, 983.6, 1408.9, 
685.4, 1054.9, 661.2, 748, 1015.6, 869.8, 584.2, 557.5, 506.6, 
447.6, 609.3, 756.1, 385.5, 720, 1165.1, 553.5, 665.1, 705.6, 
669.5, 975.5, 874, 1386.4, 703.8, 521.9, 822.2, 756.7, 1061.8, 
724.2, 865.5, 541.3, 744.1, 789.7, 635.1, 815, 614.5, 571.3, 
529.3, 277.7, 406.6, 340.2, 643.9, 921.7, 382, 1285.1, 703, 449.8, 
382, 891.9, 755, 1410.7, 228.7, 500.6, 563.5, 1234.5, 635.9, 
533.1, 535, 488.1, 682.9, 563.1, 430, 436.7, 473.2, 450.4, 1094.8, 
699.6, 541.2, 675, 712.1, 680.9, 478.4, 758.6, 1039.1, 582, 919.5, 
286, 693.5, 515, 419, 538.6, 475.3, 820, 796.5, 1405.6, 645.9, 
1398.5, 1626.9, 576.6, 353.6, 230.8, 907, 680, 350, 409, 360, 
558.1, 480.7, 876, 668.3, 975.7, 1328.1, 1416.5, 1241.1, 778.3, 
239.3, 400.9, 661, 400, 338.9, 289.9, 1909, 1521.7, 700, 461.7, 
941.8, 987, 1217.4, 426.8, 530.2, 853, 982.7, 629.3, 1685.5, 
1590.4, 469.4, 500, 510.2, 775.2, 376.7, 516.3, 1210.8, 559.2, 
408, 1347.3, 926.3, 1172.3, 1257.7, 1438.5, 910.5, 342.8, 454.6, 
463.2, 1075.3, 1240.6, 1012, 695, 620, 534.2, 811.2, 823.3, 825.3, 
693.7, 1302.8, 575.2, 1221.1, 1200, 420.6, 347.1, 592.7, 513, 
1398.3, 1250, 770, 980, 958, 472, 1206.6, 498.3, 1550, 233, 1347, 
662.8, 1228.5, 1753.2, 1710, 1025.5, 950, 1650, 1570, 521.4, 
1350, 597.2, 580, 682.1, 297.4, 508.1, 2000, 1104, 1400, 1190, 
1129, 1189.2, 1168.1, 628, 565, 691, 713, 675.5, 651.4, 1698.2, 
1618, 593.6, 356.7, 906, 555.1, 643.2, 638.6, 904.7, 982.5, 684.1, 
904.7, 1023.2, 545.7, 985.4, 1245, 1566, 1030, 764, 549.5, 480.5, 
1235, 653, 753.6, 602.3, 508.1, 454, 1263.8, 646, 896, 744.8, 
833.5, 676.3, 1009, 1353.8, 487.6, 470.5, 1032.9, 663.6, 827.2, 
1148.3, 1016.4, 788.2, 472.5, 448.4, 1232, 1025.9, 1424.9, 1452, 
749.2, 598.3, 629.7, 887.4, 526.8, 1065.6, 1130.8, 1176.5, 1129.4, 
589.4, 701.4, 950, 936.5, 784.8, 633.6, 500.2, 167.2, 354.5, 
246.5, 294.2, 1302, 711, 1573.9, 515.2, 540.8, 482.9, 560.7, 
382.1, 552.6, 1076.8, 635.4, 621.4, 697.9, 488.9, 636, 636, 620.4, 
637, 536.5, 1132.1, 814.1, 534, 217.3, 633.9, 960.9, 494.9, 677, 
1469.4, 908.5, 941.9, 682, 722, 984, 851.4, 430.3, 1064.8, 1576, 
1432.6, 816.7, 809.1, 876.9, 485.3, 549.6, 940, 989.2, 984.2, 
1098.3, 925, 601.3, 778.4, 1287.5, 1241.9, 865.9, 614.2, 491.3, 
604.5, 442.3, 795, 930, 1110, 1067.3, 896, 1175, 945.9, 554.2, 
1187.1, 1226, 603, 206.8, 589.2, 528.5, 1036.6, 1048.3, 956.2, 
669.3, 251.3, 400.6, 275.2, 722.6, 101.7, 258.5, 670.2, 1258.4, 
1436.7, 765.3, 375.2, 513.8, 373.8, 506.8, 482.5, 800, 1091.6, 
762.8, 426.5, 394.9, 675.4, 1092, 746.3, 909.5, 939.4, 480.7, 
1151, 846.6, 921.2, 606.3, 471.1, 382.6, 1026, 916.3, 1067.6, 
331.4, 361.4, 922.6, 681, 608.3, 792, 559, 700, 906.6, 927.2, 
399, 358.6, 775, 903.7, 1213, 1300, 1400, 928.5, 730.9, 710, 
733.5, 733.9, 740.9, 739.2, 434, 427.3, 374.5, 523.5, 381.8, 
363.9, 825.9, 715.9, 778.8, 640, 1000, 728.4, 570, 459.6, 705, 
510, 360.6, 716.5, 867.7, 632.9, 443.3, 373.2, 759.9, 556.7, 
367.8, 548.9, 500.9, 1073.6, 940.3, 1308.3, 341.2, 678.7, 971.7, 
975.5, 551.2, 890.2, 717.6, 1365, 1085.2, 548.3, 351.8, 571.3, 
525, 352.8, 547.6, 191.4, 347.4, 486.9, 1664.3, 132.1, 762.3, 
1034, 675.5, 1915.7, 519.5, 460.5, 357.5, 375.1, 445.9, 520.2, 
280.6, 851.3, 759.8, 456.7, 1256.3, 1644.2, 242.1, 254.4, 779.7, 
683.4, 737.8, 1188.1, 1249.5, 194.1, 692.8, 676.7, 1300, 1681.3, 
946.8, 705, 1116.1, 454.5, 293, 2270.9, 976.4, 1086.2, 1254.6, 
888.7, 997.8, 319.8, 349.6, 1735.1, 1076.7, 540, 1294.3, 825.9, 
190.3, 608.8, 199.6, 750, 681.9, 822.7, 1239.2, 1215.1, 1277, 
619, 598, 420, 1284.9, 421.5, 573.5, 1254.8, 1007.7, 755.6, 1057.8, 
1102.7, 934.6, 1830.7, 1503.7, 1638.4, 570.9, 719, 375.8, 845.3, 
1202.1, 1067.4, 868.3, 285.1, 272.1, 740.6, 700.3, 747.3, 718.8, 
543.5, 413, 703.7, 813.8, 617.1, 1184.5, 766.8, 661.8, 674.2, 
594.8, 674.4, 1267.3, 1069, 566.9, 723.5, 637.7, 329.3, 877.4, 
1240.4, 964.6, 950.3, 420.5, 589.4, 406, 467.8, 437.5, 716, 388.1, 
366.2, 461.1, 886.3, 564.1, 556.6, 555.4, 541.1, 541.1, 670.3, 
413.9, 784.2, 543.1, 528.7, 619.7, 283.8, 1093.6, 680.3, 1482.7, 
286.1, 905.8, 1239.8, 467.6, 600, 924.7, 715.2, 698.7, 833.7, 
475, 609.3, 1540, 912, 851.9, 485.2, 768.9, 553.9, 226, 423.2, 
1097.7, 1157.2, 380.8, 900, 595.1, 521.9, 537.9, 1291.9, 943.4, 
1410, 1494.2, 1144.9, 1977.2, 676.1, 723.9, 663.7, 1486.6, 737.5, 
1003.8, 1216.1, 692.7, 597.5, 996.4, 1233.2, 627, 481.6, 480.3, 
303.2, 1733.8, 922.8, 1785.1, 888, 728.8, 342.1, 516, 586.1, 
907.7, 905.1, 863.2, 651.7, 924.4, 1508.1, 1586.4, 1325.1, 885.5, 
600.9, 573.3, 1466.8, 943.1, 1014.8, 563.8, 1437.7, 1120.3, 378.4, 
914.5, 713.8, 618, 361.2, 1100.7, 539.4, 266.3, 933.1, 759.1, 
894.7, 515.7, 670.3, 697, 959.4, 1131.8, 1733.7, 2537.9, 942, 
1668.7, 757.5, 755.9, 441.4, 184.8, 456.2, 763.3, 1195.9, 724.7, 
424, 406.8, 605.8, 508.8, 794.2, 720.2, 1346.8, 1429, 576.5, 
771.3, 1036.5, 1009.8, 867.2, 487.5, 381.3, 563.6, 921.3, 400.3, 
823.2, 977.2, 1050.1, 1227.2, 811.8, 365.1, 649.5, 430, 1567.6, 
1117.5, 764.3, 483.6, 456, 238, 517.9, 595.5, 492.1, 653, 608, 
628, 481, 577, 581, 728, 533.5, 673, 762, 462.8, 478.9, 433.8, 
740.3, 417.3, 556.7, 411, 472, 847.2, 413, 597.4, 861, 1089.9, 
909.2, 608.2, 676.9, 818.1, 708, 587.9, 560, 696.9, 184.9, 697.1, 
997.7, 960.6, 440.3, 847.4, 469.5, 500, 723.5, 383.2, 744.7, 
231.4, 526.3, 1273.5, 848.3, 902.2, 1450, 822.1, 423.5, 1691.2, 
510.5, 570.3, 680, 855, 749.2, 706.4, 677.3, 2028.4, 1500, 278.1, 
301.9, 689.3, 1310, 1328, 767.9, 648.3, 480.3, 521.5, 780.9, 
860, 933.7, 650, 1300, 1550, 580.3, 489.7, 1187.4, 680.3, 1350, 
664.6, 1208, 806.6, 363.2, 554.6, 764.7, 782.6, 711.3, 764.7, 
895.8, 831.3, 622, 668.2, 735.4, 545.3, 1641.1, 432.3, 672.6, 
766.2, 657.7, 607.3, 577, 758.4, 1800, 1153.7, 781.2, 1566.5, 
1600.3, 1834.2, 1370.9, 758.9, 774.1, 943.8, 897.8, 669.2, 664.6, 
797.5, 627.6, 630.4, 400.8, 664.9, 382.8, 604.1, 532.3, 1405.9, 
299.2, 409.1, 1400, 898.5, 437.1, 770.1, 333.3, 1019.5, 506.1, 
809.7, 463.1, 621.5, 929, 474.3, 843.7, 1142.7, 863.1, 819.6, 
558.7, 713.2, 881.4, 551.2, 506.3, 712.3, 432.4, 752.2, 1035.8, 
445.9, 650.6, 625.5, 855.7, 957.4, 793.7, 600.8, 370.1, 283.3, 
127.1, 1189.6, 897.5, 1199.2, 1071.8, 1142.9, 763.7, 1730.1, 
248.9, 728.5, 1820.2, 1679.7, 1159.7, 1730.8, 1071.4, 690.4, 
957.2, 619.8, 581, 524, 562.2, 479, 323, 748.8, 377.9, 324.9, 
1009.2, 1130, 987, 925.1, 989.4, 1169.1, 535.8, 1125.8, 1152.1, 
783.6, 865, 335.6, 1241.7, 795, 693.3, 1049.7, 892, 939.9, 1180, 
663.8, 383, 755, 539.3, 1480, 1061.8, 713.2, 828.8, 1528, 581.3, 
1390.4, 1287.1, 1367.4, 1345.9, 307.5, 597.5, 970, 1320, 742.7, 
1120.1, 1701.3, 1000.4, 1715.4, 1599.6, 1421.2, 295.5, 664.8, 
601.8, 365.8, 600, 562, 653.3, 537.2, 583, 903.6, 632.8, 739.9, 
508.6, 408.6, 589.9, 953.5, 1030, 859, 1485, 1351.9, 1203, 924.9, 
937, 1153.8, 442.3, 570, 483.2, 399, 462.9, 581.3, 1334.7, 818.1, 
449.8, 405.9, 403.7, 481.1, 537.1, 662.9, 335.8, 1240.2, 1220, 
1775.4, 611.3, 630.4, 1756.8, 1033, 720, 307.4, 255.6, 200, 515.1, 
